%YAML:1.0
---
#lidar to vechicle x,y,z,w||x,y,z
T_vechicle_lidar: !!opencv-matrix
   rows: 7
   cols: 1
   dt: d
   data: [  -0.003936, 
             0.007856, 
             0.707845, 
             0.706313,
             0.010524, 
             1.613485, 
             1.228857]

T_vechicle_front_camera: !!opencv-matrix
   rows: 7
   cols: 1
   dt: d
   data: [   -0.716810, 
              0.000349, 
             -0.005084, 
              0.697250,
              0.046892, 
              1.845396, 
              1.189992]

T_vechicle_left_back_camera: !!opencv-matrix
   rows: 7
   cols: 1
   dt: d
   data: [   0.239477,
              0.756042,
             -0.580736,
              -0.183840,
              -0.244302,
              1.452486,
              1.195610]

T_vechicle_right_back_camera: !!opencv-matrix
   rows: 7
   cols: 1
   dt: d
   data: [   -0.236418,
              0.752298,
             -0.589694,
              0.174398,    
              0.255454,
              1.464103,
              1.202321]

K_front_camera: !!opencv-matrix
   rows: 3
   cols: 3
   dt: d
   data: [2029.1089355290503, 0.0, 961.105118299655, 0.0, 2029.404084256603, 585.5222597066615, 0.0, 0.0, 1.0]
D_front_camera: !!opencv-matrix
   rows: 5
   cols: 1
   dt: d
   data: [-0.3713391106016114, 0.1439459925562498, -9.793218981776926e-05, 0.0014091097954690595, 0.0]

K_left_back_camera: !!opencv-matrix
   rows: 3
   cols: 3
   dt: d
   data: [1364.0282618656126, 0.0, 970.9262018680007, 0.0, 1357.8488882285453, 538.9484077719875, 0.0, 0.0, 1.0]
D_left_back_camera: !!opencv-matrix
   rows: 5
   cols: 1
   dt: d
   data: [-0.3492320032809757, 0.11492822129833181, -0.0009649773030168651, -0.0007026735518774447, 0.0]

K_right_back_camera: !!opencv-matrix
   rows: 3
   cols: 3
   dt: d
   data: [1367.1424652706953, 0.0, 950.7491362405574, 0.0, 1362.566999878343, 551.3703172749548, 0.0, 0.0, 1.0]
D_right_back_camera: !!opencv-matrix
   rows: 5
   cols: 1
   dt: d
   data: [-0.3551790080881572, 0.11967321969589267, -0.0003173118675430524, -0.0006677077113026503, 0.0]

#ypr euler degree
T_lidar_cam_offset: !!opencv-matrix
   rows: 3
   cols: 1
   dt: d
   data: [-3.0, 0, 0.0]
