height: 1080
width: 1920
distortion_model: plumb_bob
D: [-0.3713391106016114, 0.1439459925562498, -9.793218981776926e-05, 0.0014091097954690595, 0.0]
K: [2029.1089355290503, 0.0, 961.105118299655, 0.0, 2029.404084256603, 585.5222597066615, 0.0, 0.0, 1.0]
