height: 1080
width: 1920
distortion_model: plumb_bob
D: [-0.3492320032809757, 0.11492822129833181, -0.0009649773030168651, -0.0007026735518774447, 0.0]
K: [1364.0282618656126, 0.0, 970.9262018680007, 0.0, 1357.8488882285453, 538.9484077719875, 0.0, 0.0, 1.0]
