height: 1080
width: 1920
distortion_model: plumb_bob
D: [-0.3551790080881572, 0.11967321969589267, -0.0003173118675430524, -0.0006677077113026503, 0.0]
K: [1367.1424652706953, 0.0, 950.7491362405574, 0.0, 1362.566999878343, 551.3703172749548, 0.0, 0.0, 1.0]
